This folder: /media/daniella/B/git/danimesq/Entertainment/Music

folderstamp version: r5
Method: Non-recursive

  File: ./Factory
  Size: 4096      	Blocks: 8          IO Block: 4096   directory
Device: 8,52	Inode: 2583643     Links: 1
Access: (0775/drwxrwxr-x)  Uid: ( 1000/daniella)   Gid: ( 1000/daniella)
Access: 2024-06-06 12:17:03.863466200 -0300
Modify: 2024-07-26 23:19:07.625255400 -0300
Change: 2024-07-26 23:19:07.625255400 -0300
 Birth: 2024-02-24 21:17:07.245524800 -0300
IPFS hash: 
------------------------------
  File: ./meskita.art
  Size: 0         	Blocks: 0          IO Block: 4096   directory
Device: 8,52	Inode: 2452311     Links: 1
Access: (0775/drwxrwxr-x)  Uid: ( 1000/daniella)   Gid: ( 1000/daniella)
Access: 2024-07-27 12:32:47.584326100 -0300
Modify: 2024-07-27 12:32:47.584326100 -0300
Change: 2024-07-27 12:32:51.873435900 -0300
 Birth: 2024-07-27 12:32:47.584326100 -0300
IPFS hash: 
------------------------------